((("lnkDir" .
   [0 0 0 1 0 0])
  ("realDir" .
   [0 0 0 1 0 0 0])
  ("finalDir" .
   [0 0 0 0 2 0 0 0])
  ("targetDir" .
   [0 0 0 2 0 0 0 0 0])
  ("then" .
   [0 0 0 1])
  ("currDate" .
   [1 0 2 0 1 0 0 0])
  ("index" .
   [0 0 0 0 2])
  ("2015-6-" .
   [1 0 0 0 0 0 0])
  ("-lt" .
   [1 0 0])
  ("log" .
   [1 0 0])
  ("alias" .
   [0 0 0 1 0])
  ("setq" .
   [3 0 1 0])
  ("load" .
   [1 0 0 0])
  ("paths" .
   [1 0 0 0 0])
  ("add-to-list" .
   [0 0 0 1 0 0 0 0 0 0 0])
  ("fmt" .
   [1 0 0])
  ("Println" .
   [0 0 1 0 0 0 0])
  ("err" .
   [1 0 0])
  ("vcs" .
   [2 0 0])
  ("vcs_final" .
   [1 0 0 0 0 0 0 0 0])
  ("nil" .
   [4 0 0])
  ("Name" .
   [1 0 0 0])))
